janeiro
Ricardo Schulz
presidente
20000
220
6
1090.91
519.481
828.39
5715.05
21610.4
20782
6543.44
15066.9
1728.83
Gabriela Andrade
diretor
8000
220
6
436.364
207.792
828.39
2149.34
8644.16
7815.77
2977.73
5666.43
691.532
Marcos Sousa
gerente
5000
220
6
272.727
129.87
592.542
1082.26
5402.6
4810.05
1674.8
3727.79
432.208
Davi Pereira
operador
3000
220
6
163.636
77.9221
297.987
220.768
3241.56
2943.57
518.754
2722.8
259.325
Fernanda Santos
operador
3000
220
6
163.636
77.9221
297.987
220.768
3241.56
2943.57
518.754
2722.8
259.325
Maria Almeida
operador
3000
220
6
163.636
77.9221
297.987
220.768
3241.56
2943.57
518.754
2722.8
259.325
fevereiro
Ricardo Schulz
presidente
20000
220
19
3454.55
1381.82
828.39
6602.19
24836.4
24008
7430.58
17405.8
1986.91
Gabriela Andrade
diretor
8000
220
19
1381.82
552.727
828.39
2504.19
9934.55
9106.16
3332.58
6601.96
794.764
Marcos Sousa
gerente
5000
220
19
863.636
345.455
705.452
1513.5
6209.09
5503.64
2218.95
3990.14
496.727
Davi Pereira
operador
3000
220
19
518.182
207.273
357.743
505.157
3725.45
3367.71
862.899
2862.56
298.036
Fernanda Santos
operador
3000
220
19
518.182
207.273
357.743
505.157
3725.45
3367.71
862.899
2862.56
298.036
Maria Almeida
operador
3000
220
19
518.182
207.273
357.743
505.157
3725.45
3367.71
862.899
2862.56
298.036
março
Ricardo Schulz
presidente
20000
220
0
0
0
828.39
5272.19
20000
19171.6
6100.58
13899.4
1600
Gabriela Andrade
diretor
8000
220
0
0
0
828.39
1972.19
8000
7171.61
2800.58
5199.42
640
Marcos Sousa
gerente
5000
220
0
0
0
536.179
1004.36
5000
4463.82
1540.54
3459.46
400
Davi Pereira
operador
3000
220
0
0
0
269
204.825
3000
2731
473.825
2526.18
240
Fernanda Santos
operador
3000
220
0
0
0
269
204.825
3000
2731
473.825
2526.18
240
Maria Almeida
operador
3000
220
0
0
0
269
204.825
3000
2731
473.825
2526.18
240
abril
Ricardo Schulz
presidente
20000
220
10
1818.18
1052.63
828.39
6061.67
22870.8
22042.4
6890.06
15980.8
1829.67
Gabriela Andrade
diretor
8000
220
10
727.273
421.053
828.39
2287.98
9148.33
8319.94
3116.37
6031.95
731.866
Marcos Sousa
gerente
5000
220
10
454.545
263.158
636.657
1143.24
5717.7
5081.05
1779.89
3937.81
457.416
Davi Pereira
operador
3000
220
10
272.727
157.895
320.674
233.246
3430.62
3109.95
553.92
2876.7
274.45
Fernanda Santos
operador
3000
220
10
272.727
157.895
320.674
233.246
3430.62
3109.95
553.92
2876.7
274.45
Maria Almeida
operador
3000
220
10
272.727
157.895
320.674
233.246
3430.62
3109.95
553.92
2876.7
274.45
maio
Ricardo Schulz
presidente
20000
220
5
909.091
371.901
828.39
5624.47
21281
20452.6
6452.85
14828.1
1702.48
Gabriela Andrade
diretor
8000
220
5
363.636
148.76
828.39
2113.1
8512.4
7684.01
2941.49
5570.9
680.992
Marcos Sousa
gerente
5000
220
5
227.273
92.9752
581.014
1066.33
5320.25
4739.23
1647.34
3672.91
425.62
Davi Pereira
operador
3000
220
5
136.364
55.7851
292.057
217.507
3192.15
2900.09
509.564
2682.58
255.372
Fernanda Santos
operador
3000
220
5
136.364
55.7851
292.057
217.507
3192.15
2900.09
509.564
2682.58
255.372
Maria Almeida
operador
3000
220
5
136.364
55.7851
292.057
217.507
3192.15
2900.09
509.564
2682.58
255.372
junho
Ricardo Schulz
presidente
20000
220
15
2727.27
991.736
828.39
6294.92
23719
22890.6
7123.31
16595.7
1897.52
Gabriela Andrade
diretor
8000
220
15
1090.91
396.694
828.39
2381.28
9487.6
8659.21
3209.67
6277.93
759.008
Marcos Sousa
gerente
5000
220
15
681.818
247.934
666.344
1184.27
5929.75
5263.41
1850.61
4079.14
474.38
Davi Pereira
operador
3000
220
15
409.091
148.76
335.942
483.286
3557.85
3221.91
819.228
2738.62
284.628
Fernanda Santos
operador
3000
220
15
409.091
148.76
335.942
483.286
3557.85
3221.91
819.228
2738.62
284.628
Maria Almeida
operador
3000
220
15
409.091
148.76
335.942
483.286
3557.85
3221.91
819.228
2738.62
284.628
julho
Ricardo Schulz
presidente
20000
220
7
1272.73
606.061
828.39
5788.86
21878.8
21050.4
6617.25
15261.5
1750.3
Gabriela Andrade
diretor
8000
220
7
509.091
242.424
828.39
2178.86
8751.52
7923.13
3007.25
5744.27
700.121
Marcos Sousa
gerente
5000
220
7
318.182
151.515
601.936
1095.25
5469.7
4867.76
1697.18
3772.51
437.576
Davi Pereira
operador
3000
220
7
190.909
90.9091
302.818
223.425
3281.82
2979
526.243
2755.58
262.545
Fernanda Santos
operador
3000
220
7
190.909
90.9091
302.818
223.425
3281.82
2979
526.243
2755.58
262.545
Maria Almeida
operador
3000
220
7
190.909
90.9091
302.818
223.425
3281.82
2979
526.243
2755.58
262.545
agosto
Ricardo Schulz
presidente
20000
220
20
3636.36
1264.82
828.39
6620.02
24901.2
24072.8
7448.41
17452.8
1992.09
Gabriela Andrade
diretor
8000
220
20
1454.55
505.929
828.39
2511.32
9960.47
9132.08
3339.71
6620.76
796.838
Marcos Sousa
gerente
5000
220
20
909.091
316.206
707.72
1517.33
6225.3
5517.58
2225.05
4000.24
498.024
Davi Pereira
operador
3000
220
20
545.455
189.723
359.104
506.411
3735.18
3376.07
865.515
2869.66
298.814
Fernanda Santos
operador
3000
220
20
545.455
189.723
359.104
506.411
3735.18
3376.07
865.515
2869.66
298.814
Maria Almeida
operador
3000
220
20
545.455
189.723
359.104
506.411
3735.18
3376.07
865.515
2869.66
298.814
setembro
Ricardo Schulz
presidente
20000
220
9
1636.36
701.299
828.39
5915.05
22337.7
21509.3
6743.44
15594.2
1787.01
Gabriela Andrade
diretor
8000
220
9
654.545
280.52
828.39
2229.34
8935.07
8106.68
3057.73
5877.34
714.805
Marcos Sousa
gerente
5000
220
9
409.091
175.325
617.997
1117.44
5584.42
4966.42
1735.44
3848.97
446.753
Davi Pereira
operador
3000
220
9
245.455
105.195
311.077
227.968
3350.65
3039.57
539.045
2811.6
268.052
Fernanda Santos
operador
3000
220
9
245.455
105.195
311.077
227.968
3350.65
3039.57
539.045
2811.6
268.052
Maria Almeida
operador
3000
220
9
245.455
105.195
311.077
227.968
3350.65
3039.57
539.045
2811.6
268.052
outubro
Ricardo Schulz
presidente
20000
220
4
727.273
400
828.39
5582.19
21127.3
20298.9
6410.58
14716.7
1690.18
Gabriela Andrade
diretor
8000
220
4
290.909
160
828.39
2096.19
8450.91
7622.52
2924.58
5526.33
676.073
Marcos Sousa
gerente
5000
220
4
181.818
100
575.633
1058.89
5281.82
4706.19
1634.53
3647.29
422.545
Davi Pereira
operador
3000
220
4
109.091
60
289.29
215.985
3169.09
2879.8
505.275
2663.82
253.527
Fernanda Santos
operador
3000
220
4
109.091
60
289.29
215.985
3169.09
2879.8
505.275
2663.82
253.527
Maria Almeida
operador
3000
220
4
109.091
60
289.29
215.985
3169.09
2879.8
505.275
2663.82
253.527
